    9.063348     -27.366133
    5.124040
   10.915478     -39.451242
  -32.175203
   21.127703      26.187881
   23.535864
   29.701266     -11.997142
   17.279858
  -28.944987     -32.851985
    5.978223
  -20.060018       3.293165
    8.513501
  -54.130749      -5.434910
   16.624785
    2.250149     -12.905109
   21.044429
   -4.750977      20.118568
   14.952929
  -18.237414     -19.771751
   -2.356193
  -44.041090      32.929164
   -1.994718
  -46.980719     -36.016903
   22.671531
  -11.499647     -30.212855
    1.483808
   18.805342       1.181011
    6.911583
   23.531807      -5.034516
  -51.098896
    1.038695      13.357264
  -16.571389
  -48.417598     -17.185719
   20.836710
  -27.645936      15.587264
   10.826940
  -25.115618      19.035797
  -13.237319
    1.553443       6.749210
   22.646339
   -0.992074       0.834483
   25.194444
  -26.182176     -31.090006
   20.208861
   43.501957     -45.890729
  -16.805361
  -20.332733     -44.200065
  -10.146091
  -46.888098     -53.865895
  -19.737896
   10.834539     -24.192117
    2.332931
   -7.867728     -58.050520
    7.675440
  -57.274633     -31.807103
   19.268453
  -50.818442     -43.326002
  -26.810513
  -49.045519       2.353186
   -0.620976
  -38.451511      21.771131
   -3.127028
  -12.783887     -29.181176
   16.139307
   46.688829     -34.900402
  -47.553394
  -16.717925     -28.288062
   -1.328020
   27.704305      -9.542795
  -19.275166
  -52.069486      -6.003945
  -22.921111
  -25.886055     -16.835113
  -13.376335
  -47.945106      16.222519
   -0.585430
   -6.431827     -20.836146
   24.140246
   20.540384     -13.835408
   33.650368
   -1.291165      15.396048
   -5.686500
   -9.052091     -44.269188
  -11.414101
    7.135502     -27.514437
    6.324804
   13.436475     -30.616087
    5.196965
   35.557278      19.168833
    6.963160
  -34.720878      -2.874840
   12.188572
   11.722406      -8.584969
  -25.030705
  -25.253187     -39.583060
   23.593712
  -20.670485      -9.553227
   19.014360
   16.977140       0.555984
  -13.673990
   22.884826      -5.210472
   -2.736915
 -113.263866      12.130813
    0.158329
    3.583459      -2.210338
    0.331836
  -11.277110     -23.388683
   -3.463765
  -53.461339       9.430107
    6.309958
  -10.992864     -25.882878
  -15.930937
   -1.623980     -10.051416
  -15.876697
   15.954867     -45.298630
   29.592309
  -13.034631     -11.870418
  -21.425072
    6.669447      -7.062263
  -18.173358
  -20.279579       0.973162
  -23.194539
   12.835733      10.443778
    5.028853
   18.016621      12.997458
    5.190725
   29.583398     -28.422008
   -9.883564
  -56.607366      -8.901816
  -33.530716
    1.314050     -55.555478
    2.522926
  -13.333481     -37.953476
   15.250525
   64.214006     -34.416389
    9.538294
  -62.074169     -57.883898
  -30.591598
  -37.385259      -8.769514
  -34.083749
   15.225508     -34.488405
  -25.807569
  -49.806646      -8.415745
  -13.330516
   -7.697858     -28.010421
  -20.646017
   -0.812313     -19.586455
    8.178960
  -26.685397      26.531705
  -14.062314
  -12.732510     -24.858743
    3.969456
   12.692378     -27.968942
  -11.216696
    3.503035     -18.479290
   -5.554597
   -4.179434     -37.052407
   15.167488
  -30.285737      -1.208194
   22.504841
  -55.639479      23.374244
   21.916910
   14.585685     -33.867043
  -22.881014
   18.213165      -4.881489
  -15.438324
   -6.911581     -10.438847
  -16.141107
  -19.028423     -51.477447
    8.216827
   26.395818     -15.009031
   41.571452
    4.319049     -25.481336
    9.278749
   20.760759     -42.207674
    8.605006
  -75.149110      -1.866048
  -25.784938
    6.748376     -19.288761
  -18.366537
   -1.187129       2.093632
  -20.692064
   58.671233     -41.502466
   11.415624
  -20.594813     -18.537053
   -1.990672
  -36.469529     -12.618833
  -12.992522
  -13.928056      26.339184
   17.412146
  -44.103607     -55.138743
  -26.408623
   10.840954     -32.134845
   16.667403
   -7.441039     -22.723788
   19.374594
  -47.003256     -61.370368
  -51.509806
  -32.574760      11.005337
  -28.633292
  -77.207177     -34.677151
   22.389208
  -23.849811     -37.856188
    4.923175
   -1.893267      40.720453
  -26.598783
  -15.513195       3.484357
  -27.718803
  -20.049771     -13.089560
  -22.679667
   12.871536     -29.606603
    0.198300
  -37.696865       9.222495
    3.135028
    7.169381     -24.489727
  -51.078671
  -49.219220     -17.082923
  -48.618004
    8.472655      13.659629
  -12.640211
  -80.988044       3.333654
  -10.123925
 -100.328932     -42.963997
  -28.449714
  -22.050247      16.638427
  -19.950782
   23.076582      -1.647190
   -3.222285
   30.039609     -20.344601
  -16.358333
   20.632578     -21.042136
   24.311246
   12.518135      10.522976
  -22.084911
  -48.653573     -41.292814
  -17.404719
  -41.309803      -3.969880
   -0.963306
  -40.027474     -28.243130
   20.438862
  -60.407321     -22.352001
  -25.495687
  -18.365797     -24.266206
   -6.825748
  -32.704177      18.421858
    7.227088
   13.011260      10.431234
  -24.293734
   -7.446993      17.937225
   14.596192
  -55.217928      13.281293
   -7.713428
   11.388715       9.798267
  -15.191979
  -14.737560     -27.903063
    6.032768
    1.862017     -11.123556
   11.717260
  -64.909924       6.307436
   10.519440
    1.342444      -7.830002
    1.990512
  -25.890501     -28.954272
   -1.912556
   16.007196      -0.854114
    1.531868
   22.152449     -29.610448
   14.604734
   13.396738     -43.565251
  -16.662050
   15.548621     -25.908235
   15.611219
  -44.098937      -9.589786
   -3.373224
   32.619221      -8.395791
    9.109618
  -16.401602     -41.483643
  -27.811310
    8.521326     -23.124270
  -18.048107
  -13.060163     -15.735635
  -15.182888
  -50.874365     -25.396111
  -13.537129
  -10.948235     -37.026794
   -3.872877
  -46.414604     -40.160958
   17.934715
  -46.023444       2.116731
   -0.664580
   28.684324     -18.829150
   -7.036387
  -11.562740      -5.915643
   -6.749608
   16.311615      -2.902652
  -12.770605
  -35.556898     -17.336677
  -32.514764
    0.377804     -38.490754
    4.118487
   17.143884     -26.630075
  -22.269926
  -17.771898     -25.798685
  -28.008375
   20.129437       2.563204
  -15.260207
   -8.869210       4.473314
  -34.787627
   -9.743223     -41.358512
  -17.649171
   26.600084     -30.445423
  -26.314373
   17.215202      20.534738
   -1.389314
  -39.235897     -23.112393
  -38.400532
  -75.813926      23.060636
  -13.203414
  -25.694028     -31.369840
  -15.759674
  -14.735912     -21.284387
    7.509812
  -13.266228      -8.371670
   -3.125880
  -12.854617     -13.104303
    7.615281
    5.648015     -47.876589
   -4.279692
  -16.335409     -29.217576
    3.284369
  -23.093569       5.755080
   18.727837
    7.366783     -46.783924
  -21.990789
   13.530905     -33.255823
    1.271006
  -35.096623      -2.782323
   11.168233
   13.509365      44.742146
    5.827213
   -5.938167     -15.368652
    0.756600
  -15.984301     -12.453330
  -20.456700
   38.988404      -6.899725
    6.068404
  -35.988574     -21.312002
   14.693742
   75.128378     -42.474983
  -16.759430
   -3.843562     -44.713940
    5.951212
   29.537688     -10.422536
   14.303205
  -42.901261     -34.794214
   -2.860055
   14.383110      -8.336591
   -9.227519
   30.405888      -8.749714
   -8.679235
  -39.067541     -29.138154
   28.302847
   26.478229      17.160485
   -8.385798
  -14.163663     -11.452946
   -4.679665
  -61.203168     -14.716498
   16.922644
    5.461801     -17.931035
  -26.260331
    1.734056      -7.480656
    1.129976
   43.791926     -15.569555
    5.400028
    0.918107     -27.764153
   -8.000006
   30.634718     -19.786521
  -34.424233
    1.564561     -22.108674
  -16.790698
  -21.724803     -22.498823
    8.111435
   23.627110     -10.766873
  -17.601337
  -18.682807       4.985277
   13.838684
  -18.968466     -37.786315
  -51.594679
  -26.047498      -9.530826
    4.009505
   -0.172095       1.985289
  -23.712906
  -10.485559     -18.468449
   41.871657
  -50.093120     -33.150319
  -23.500709
  -18.938915     -18.762185
  -10.789629
  -53.596699     -35.446020
    3.029127
  -10.626593      13.280674
  -24.697921
  -27.264440     -18.935425
  -36.891922
  -32.608991     -57.544286
  -49.920016
  -19.894895     -18.771064
   -0.274900
   44.359427     -40.248361
   -0.128618
  -19.421301       0.608774
  -28.675726
  -11.311023     -39.543644
  -10.843682
  -33.877460     -25.697399
  -14.210760
   44.444082       7.083216
  -14.976196
   17.983037      -5.703864
   -3.081425
  -28.695912       8.491873
   21.522390
  -46.735350     -23.195463
   16.129463
    4.580792     -67.192002
  -19.250416
   16.328830     -22.547546
   47.498911
  -35.961032      -4.244337
    8.646724
    8.180411     -17.963971
   -2.656814
  -45.206009      -9.916384
    1.125960
 -101.636198     -19.651924
  -13.415838
   10.061935     -26.471141
   -6.747908
  -38.585482       4.088684
   10.199748
  -23.083103     -63.276394
  -36.788172
  -21.438633     -27.098806
  -26.621179
  -57.462160     -43.928839
   15.760218
   32.415447       9.458854
   -9.122298
  -33.480037     -36.038604
  -39.084989
    4.272273     -10.545701
   26.971412
   -5.884400     -15.931169
  -25.365112
   19.988213     -41.076327
   -1.129839
   -7.852792     -35.986985
   -0.897749
   10.525232      12.994148
   36.032420
  -35.957167       2.996897
  -15.792721
   21.866971     -20.196099
    2.105359
  -13.666801     -52.908014
    5.904866
   10.925522     -50.568960
  -12.043285
  -67.127877      -6.743618
   -6.413681
   -1.156136     -27.238346
  -16.831075
  -33.046879      29.270347
   19.092872
  -18.821400     -38.432013
  -22.127060
  -59.760151       7.296700
    4.631595
   -2.386591      -6.084803
  -10.140084
  -35.209536      -8.788110
  -19.491367
   21.670247     -38.754437
   -0.024878
  -41.229909     -21.744018
   -1.074183
   20.418132      -7.528864
  -19.376663
  -40.884720     -47.971471
   34.583265
  -44.627812      -6.638071
    1.212511
  -24.726945     -57.073218
  -36.927252
  -55.074218      -9.348273
  -25.023102
  -53.304865     -35.889481
  -25.990164
  -22.992817       5.674265
    3.314366
  -15.376567     -48.504845
   -6.361950
  -39.651003     -39.232373
   16.292500
  -31.599959     -28.536423
    0.738707
  -48.612207     -25.047410
  -22.388941
  -37.823247     -42.642260
  -20.093337
  -15.024708       0.643308
   19.287724
    1.011507     -12.738845
    1.019686
    9.216045       3.737768
   27.140769
  -17.514374     -32.472554
   -4.253961
   20.963723      -6.464142
  -15.503741
   11.205787      11.001041
   -5.604989
  -39.066228      -7.679259
  -45.674284
  -43.055302     -23.685663
   24.663692
   41.649955      -7.531413
  -10.937015
   42.616807     -24.381354
    7.191945
   13.012133       4.746153
   -2.778922
  -52.567337     -16.957711
  -17.117406
  -22.871532     -59.957280
    9.406129
   -9.141998      -6.023002
  -25.335772
  -15.732600       5.591443
   16.453885
    7.320613       1.625330
  -25.325813
  -27.974692     -22.173196
   16.901191
    7.552299     -39.767541
    2.173683
  -14.938436      -7.500048
  -16.961213
  -24.747968      -9.862262
    9.802882
   21.429265      -8.628563
  -18.876082
  -16.409731     -10.597137
   -7.976323
  -42.172329     -10.567082
   11.336791
   20.812060     -19.046267
   -1.606789
  -17.120393      -9.376689
  -25.827052
  -19.683400     -54.013618
  -16.471520
  -13.862420      -8.868548
   16.768958
   22.213013       5.579187
    2.531449
   32.726532      -9.589684
  -13.045871
  -34.129299     -24.260796
  -16.434977
    8.724852       3.151106
   27.717048
  -76.247990       6.729992
  -64.318799
  -40.511214       9.310537
   22.230154
  -19.175284     -24.740740
  -10.459013
  -61.014529      -8.744413
  -14.342635
  -27.173313      -5.743387
  -37.586706
   37.736891     -13.361695
   -9.663566
  -27.221032     -41.177871
  -21.694673
   17.052694     -65.960409
    6.014317
    4.626958      -7.153156
  -34.445127
   43.967347     -56.345440
   10.450945
  -24.891472     -14.296784
   -0.493340
  -52.011954      -7.858019
   31.894516
  -25.116282       6.310059
   20.329810
   -3.622806     -10.935056
   23.887905
   -0.884772     -27.675375
  -35.145622
  -12.314114       2.848962
   15.136880
   39.150017       2.595059
  -26.161663
  -14.054156     -37.247866
    5.745887
  -45.267777     -16.571820
   12.738466
   13.382894     -29.311660
  -33.909125
   16.241372     -33.405096
  -11.458353
   -4.060605      -9.972743
  -15.393447
   35.286192      -9.952467
   -7.060883
  -26.647225     -37.592409
  -40.350371
  -24.392774     -23.078163
   20.411963
  -28.645666     -30.694378
  -26.189778
  -45.791499     -60.909990
  -20.471709
   27.255483     -11.724393
    1.957759
  -28.375299     -27.300731
    8.211184
   48.278093      -4.130198
    3.473574
  -26.583756     -20.077337
  -10.425273
    8.218556      -9.242731
    6.161364
  -18.071673     -23.669590
    0.041474
  -45.100493      22.165719
  -20.953797
  -18.012431     -36.768035
   -4.294537
   10.685909     -15.083231
   13.392647
  -27.671526     -12.952601
    0.607315
    0.421085     -15.551710
  -33.522569
  -27.848296     -28.759677
   23.587037
   14.688377       5.542198
   -6.878994
   16.809111      -5.592094
  -21.748693
   14.566188      -7.233039
  -32.752667
   23.245110     -15.548285
   -8.262468
  -33.385829      10.823038
    8.793294
  -20.218317     -13.614000
  -33.831688
   12.201160      -8.402678
   17.328491
  -22.265070     -20.313692
   10.312145
   24.024475      35.330993
  -20.498495
   -4.362318     -18.061946
   -0.506584
    6.746171     -20.977772
   -2.341757
   21.910062     -39.462340
   38.250594
  -12.336576     -65.042339
   16.620506
   42.329225       2.814839
   -1.384954
  -29.964606     -63.979970
    3.744757
   -2.672300     -28.862208
   20.411364
  -33.740422     -27.743664
    0.275147
    4.660200     -53.234898
    3.199609
    9.181690       1.504873
   19.531514
   69.137793      21.350433
  -28.219037
    8.911465     -37.772949
  -27.329014
    3.653351     -42.273744
  -18.791817
    3.090610     -29.724024
   -0.853979
   10.526466     -30.264440
   -5.804383
   -7.494474     -28.061312
  -10.358019
  -16.287961     -43.790051
   15.910378
  -48.928144     -31.557765
    1.289935
   21.882965     -17.831273
    2.587955
  -12.292368     -10.515485
   24.426891
   -2.117601      -3.140236
   19.593422
   -5.237071     -18.151740
   -0.600011
  -31.273397     -11.484241
   16.420775
   21.110956       5.959699
    2.485839
   14.697294       4.514281
  -33.216477
  -44.112579     -24.849302
   -9.534927
  -20.229340      24.162465
   -5.165975
  -51.450910     -31.466496
  -15.580570
   -9.901366     -25.263652
   21.841006
   27.985075      27.641377
    7.643863
    9.789175     -46.584666
  -14.725619
  -30.047666     -30.888547
   -7.540569
    2.358085     -27.692500
  -10.501169
   15.378539     -34.697144
  -27.886399
  -10.260570      -5.576842
   10.661789
    9.886612     -29.194184
   16.580541
    3.385225       1.056783
   18.595017
  -14.852776      -3.166981
   16.372130
  -24.862513     -15.698401
   24.808684
   17.512745     -40.153901
  -15.654907
  -54.130352     -14.938225
   16.898603
  -38.060509     -17.285712
   12.878330
   41.081373     -11.130524
  -21.062668
  -29.508727     -17.637582
   -8.045214
   30.573131     -22.235568
   11.894697
  -23.991688     -14.468651
    9.214951
  -23.080210     -18.078012
  -43.308173
  -24.773649     -30.282259
   24.522447
  -12.662958     -22.104614
   -7.639730
    8.385777     -23.299629
  -21.137599
    9.783187     -13.375679
    5.773068
  -21.423907     -18.161095
   -6.673875
  -44.938652     -54.313512
   14.410843
   18.453838      -6.480762
    5.394609
  -19.952113     -28.470951
  -30.553580
   -1.518082     -21.239465
  -23.528907
    4.665017     -41.167195
  -19.300742
   11.882964     -45.450518
    2.236002
  -21.818078     -31.178989
    0.213479
   -5.761031       0.003905
   -0.021423
  -11.673593     -15.040612
    4.831179
   -8.538607       4.098047
  -22.109342
   14.741151     -15.232284
  -16.202311
   -7.413015     -36.312424
  -38.481584
  -40.431564     -12.931676
    3.162669
   -9.715694      -5.325219
  -29.029237
   -1.038334      -0.864907
  -27.430278
   35.256833     -39.173544
   -2.081964
   11.398311     -28.203858
  -13.505116
    9.346533      20.254038
  -24.333386
  -35.301328     -58.423820
  -37.894155
    9.592301       7.223198
   -9.947979
   18.373665      10.709294
   -0.373216
  -24.285796      -5.597176
  -11.686787
  -52.075445     -52.365978
   10.348429
   42.581953      -3.939062
   21.197341
  -43.566148     -28.799304
  -48.517561
   -5.514586     -12.874519
    0.829664
   -2.564295       3.544498
   10.188071
   -1.639710      -0.635953
  -25.648660
   20.525062     -18.706410
  -17.193940
  -32.669875     -41.467751
  -12.319643
  -32.787408     -12.344345
    2.751556
   -4.438149     -12.391753
   16.526567
   -4.046848      14.759456
  -16.138117
  -42.971708     -31.236544
  -11.870182
    8.858736     -22.318459
   16.869477
  -26.662189       5.919869
   24.159387
   20.370827      -1.438054
  -12.500598
   30.906358     -44.602875
   -7.498493
   -4.863434      11.770316
    4.428512
  -32.619149     -35.431501
    3.915838
   26.732306     -19.735193
   15.903017
  -67.392248      -1.941697
  -43.028654
   23.517655     -29.975506
  -13.780088
  -65.356291     -39.559994
  -34.022936
  -10.901220     -15.819040
   -7.720567
  -30.639582     -26.567884
   20.446774
  -50.928639     -29.855021
   18.440384
   26.975541      -8.677077
    8.600188
   17.463892      -7.106152
  -10.788336
   -7.885619      12.140842
  -46.838740
   20.965892     -42.255250
  -19.750138
   -2.696531     -47.867897
    1.882712
   13.425176      18.380576
    1.879266
   -9.752097       6.163848
  -22.158740
    7.096639     -23.746714
  -11.011885
   33.800906     -16.256221
   17.109883
  -18.467234      -2.129743
   -8.570167
   11.847869      -1.328493
   -2.328454
  -57.141855      -0.938430
   -1.380232
  -19.051082      -3.327398
    1.462539
  -29.439611     -17.511878
   29.806581
   84.866908      -5.723940
   14.822762
  -24.459376      29.656897
   -1.500137
 -111.322501      22.839503
  -52.720999
    9.469889     -29.257164
  -41.839136
  -24.025134      19.433516
  -17.597981
    2.440307       0.134634
   33.072846
  -37.378299     -39.778195
   42.600849
   -9.550376     -24.798606
  -35.073354
    5.313559     -15.047931
  -11.914378
  -11.576447     -44.102841
  -19.439663
   26.027881       5.769045
  -29.059279
  -23.293913       4.811929
  -17.354521
  -20.370545     -36.708572
   11.883411
   -2.962821     -38.937859
   -3.151370
   -8.611822       3.359806
  -20.629454
   12.662397     -31.012632
    6.975214
    2.956018     -18.408609
   19.227493
   32.578919      -8.431533
  -12.313804
  -61.067214       5.590677
  -15.902096
  -13.879680      25.076559
  -22.342396
  -36.429132       9.593748
   -8.867028
   54.050714      37.574724
    1.392112
  -28.571332     -10.904266
   25.388533
  -46.899903     -25.677804
  -15.938534
   16.723649       3.820730
  -14.786885
   11.535711     -17.142314
   -2.178387
   -7.804563     -20.715884
  -18.830893
   -2.511773     -15.195789
    4.681185
   46.877333     -31.296072
  -29.609776
  -20.442769      -8.561722
   -7.034556
   11.542380     -51.553441
  -33.860065
   -8.488592       9.416637
  -27.349635
  -14.515246      14.017856
  -18.311893
  -18.155855      -8.655490
   -0.645567
    1.766782      13.217146
   -6.170143
  -10.051731     -26.402747
    2.953696
   33.095628     -28.287537
   28.311307
  -10.210293     -47.768134
    3.676989
    4.479914     -28.880767
    1.660770
  -18.365234     -23.290528
  -23.677278
   -7.232967     -23.366315
    0.310960
    5.389011     -35.650116
   18.749808
   -2.152694      27.193723
  -20.293816
   -7.864162     -13.753209
   10.702656
  -48.217358      24.494848
  -19.882778
  -21.833839      -7.060685
   -1.817240
   28.736305     -50.976169
   -5.010220
   42.658400      -5.786269
   17.567648
  -33.567261     -18.368516
  -12.372243
   33.093676     -27.229003
  -46.790475
   11.685379     -20.936108
   21.860966
    2.240611     -57.794828
    1.867153
   -7.406942      -3.545431
  -18.126456
  -17.221130     -25.621843
  -14.375242
  -20.205606     -21.765714
   11.076497
   26.961444     -19.786887
    8.457930
   -2.937065     -12.277081
    1.970139
  -32.926434       9.900408
    8.741839
   20.537971     -47.691316
  -26.456967
   43.155036     -51.111429
   17.693409
   51.368903     -13.066525
  -22.955359
   13.214605      -9.176099
    0.733772
   24.338418     -27.203020
  -17.343924
  -14.938834     -19.853868
    9.750217
  -12.047725      12.946692
   11.932825
   25.314375       5.857733
   18.040363
   19.480346      14.445766
    1.578010
  -31.529893      12.315566
   -1.724464
  -49.582634     -46.294086
   27.281024
   -8.356318       5.872760
    9.687747
   -7.661763     -34.026303
   -2.287554
  -15.226776     -32.996237
  -48.761475
  -19.512561     -20.341832
  -19.292033
  -25.618908      -8.188209
    8.433668
  -31.571394       2.069139
   -5.444232
  -66.716873     -22.382963
   -8.049235
   -6.703801     -22.584245
    4.965405
  -40.999870     -31.507722
   -7.718508
   -0.635237      33.789521
  -19.761950
  -11.238376     -18.410526
   25.150207
   -6.459173      -9.370571
  -14.264723
  -21.020400     -24.041390
    5.266244
    3.938651     -22.285647
   16.326211
  -22.474628       2.060585
   -4.388611
    4.913616     -41.110168
   13.110825
  -22.422606      22.817755
  -30.280306
   36.306430      39.031637
   35.071002
   29.512857      -6.677573
  -11.889787
  -58.366775     -10.164177
  -20.601592
   10.611016       7.483985
  -18.746184
   -8.977268      20.406116
   -3.893850
    0.412565       4.147859
  -36.894760
   24.150373     -11.137270
   16.258077
   31.934958     -21.502450
    9.111462
  -44.024150     -30.045005
  -14.499297
  -33.023855     -14.152095
  -12.382458
   17.032978       9.852269
    1.798739
  -91.334025      -1.239420
   -9.863850
  -11.603264     -37.184079
    1.427148
   -5.055672     -22.892265
   15.542187
