    9.063348     -27.366133       5.124040
   70.440478     -40.553698     -10.629508
   29.348096      28.611554      13.459799
   24.159060     -16.442695      23.719529
  -38.887686     -26.058417      -4.829192
  -43.565971     -27.497633     -34.962227
  -51.709909     -51.160597       9.558640
   48.250102     -42.221651      -1.851888
  -13.628782      15.893132      17.817350
  -27.907589      -9.775132     -11.392667
  -45.606032      31.225781       4.437647
  -57.387346     -55.086118     -29.187557
    3.550467     -35.856408       3.211210
   15.118251       5.495328      16.206379
   24.909805      14.800878     -52.418588
    0.849987      14.209642     -15.896162
  -49.586493     -46.629606      -6.164168
  -40.594393      -1.637011       2.561179
  -36.024379      19.691504       8.403178
   -5.389364      22.721634      18.362380
    7.956526      -4.373274      25.719300
  -25.717360     -46.513449      -2.916888
   57.228847     -40.315127       3.502333
  -39.592571     -37.478949      -0.829067
  -68.824963     -39.303318      -7.368209
   13.430408     -23.844508      -6.118085
    2.137957     -62.573430     -16.275664
  -61.757879     -22.569463      21.191092
  -54.368909     -38.879432     -27.266412
  -49.891328     -19.559125     -16.854446
  -40.679263      17.201241      -7.550158
   29.673457     -47.055670      17.451080
   39.201376     -68.054486     -30.572261
  -13.775860     -30.093652       0.096229
   27.369076     -10.038134     -19.511759
  -47.627822     -24.358472     -28.203384
  -22.011949     -21.248649     -15.318789
  -48.654925      14.188805       1.191672
  -58.979249     -42.722600      -8.751105
   33.023618     -40.610073      15.022077
   -2.029749      13.755030      -9.961810
   20.916612     -46.582390     -26.209472
   -1.650993     -29.073823       9.453821
    6.387026     -26.770025      46.080656
   41.044746       9.274664       6.179069
  -32.728159     -67.268531       2.676993
    0.538836     -55.756838     -14.089315
  -29.611241     -39.475101      19.110255
   -6.546972     -63.904515       7.060745
   18.276900       2.634808     -11.975730
   22.154201      -9.258356      -1.139796
 -114.897573      -3.174283       4.094759
    1.589253      -2.641770      18.993309
   -6.436274     -22.477857     -25.374498
  -56.151974      -9.338691      11.563058
   11.208380     -29.669605     -25.098250
   34.225953     -25.473359      -9.780164
   -2.777477     -77.973431     -10.325213
  -11.095829     -32.339874     -11.263638
   15.991772      -4.529913     -15.736240
  -30.303516      -9.309126     -14.861764
    8.153442      15.087416       7.336243
   18.507351      10.311916      10.211975
   33.907936     -19.682402     -22.071741
  -57.701033     -38.373423     -23.860168
  -20.002973     -57.557985     -30.469962
    3.188481     -47.635559       5.600140
   72.388332     -27.339115     -19.956704
  -87.622320     -42.003566      -8.799185
  -41.787447      -6.705588     -29.786178
   23.299520     -30.071390     -26.946959
  -48.250544     -37.864022      -0.553443
    7.297024     -35.320542     -16.319221
   24.037124     -25.556791      -3.650443
  -55.173624       4.481895      -1.603440
  -22.120383     -24.797738     -25.761239
   30.956578     -21.057867      -7.782468
   -3.933255     -24.039964       8.255177
   10.066464     -35.058714      23.963335
  -44.038936     -23.234821       2.814047
  -60.956550      14.396689      17.993203
   13.482536     -38.863672     -16.188527
   16.658663      -6.116189     -16.881825
   -4.867399     -11.253848     -16.489340
  -41.722074     -45.264888      -5.415890
   27.686475     -58.950990      24.887066
    7.738600     -31.648581      -9.249486
   23.691455     -43.074859      -2.719255
  -67.699190       2.982732     -47.848318
  -22.631963     -29.500668     -18.437022
    8.010110       1.511479     -21.278623
   70.499419     -23.281054      16.869493
  -40.882952       8.344498     -42.416362
  -35.758794     -15.212727     -12.468239
  -38.219523      14.263495      16.248067
  -39.738582     -57.455479     -28.861285
   22.205594     -29.123078      15.082220
  -36.278715     -30.021829      -0.260471
  -58.235853     -57.476159     -45.899621
  -53.129462      -9.693593     -13.204896
  -96.571254     -14.577565     -13.255166
    8.374797     -60.091250      -9.942004
    1.355537      26.995057     -47.842432
  -16.789486     -46.382147     -33.272915
  -21.166850      -5.070787     -26.320154
   13.109299     -29.519859      -2.283624
  -46.114696     -17.189004     -20.388185
   -0.534207     -54.329966     -37.853007
  -58.199507       3.542029     -46.773661
    8.225488      12.680217     -13.864286
  -85.123980     -36.051813       9.993157
 -100.471532     -42.812375     -28.175806
  -79.940198     -34.421446       1.448469
   23.125333      -2.354614      -2.511527
   18.764616     -42.571204      -9.420279
   24.543978     -27.603520      15.312620
   15.354387     -15.422149     -32.839555
  -53.959341     -31.297056     -26.287851
  -34.523233     -70.899524     -16.170527
  -52.554668     -50.173937     -34.399150
  -37.561387     -67.970489     -39.631302
   -0.751017     -33.611572     -20.997512
  -65.543896     -27.429669     -24.504317
    3.887141       0.527728     -33.432801
  -70.558024       5.807981      -2.697527
  -54.817674      21.430839       3.453507
   47.710233     -20.631436      -7.589478
   -1.500249     -36.907135      -3.275652
  -24.439441     -35.092544      -6.857613
  -66.638431     -10.193457       9.747634
    5.697949      -3.417756      16.409352
  -46.603157     -10.882806       4.892410
   14.735316     -15.928411       6.417451
   16.036589     -34.069815      14.840096
   40.629467     -29.492265     -31.561982
   15.704334     -34.395366       1.370967
  -44.100489      -9.584490      -3.367986
   31.968687     -29.763750      -8.254558
    3.323221     -63.541417      -6.542331
   10.744625      -4.241244     -41.192403
   -4.200459     -24.562021     -13.656194
  -53.054392     -21.280626     -13.065083
  -20.234914     -35.051540       3.495145
  -56.755649     -31.127015      11.401925
  -47.498446     -32.605417      -9.110141
   26.795168     -20.252747     -10.928163
   -9.005888     -11.267946      -6.438759
   12.482617       9.132989     -20.396902
  -33.226045     -16.879921     -35.307236
    4.811167     -41.943190     -28.554147
   -8.457603     -25.926750     -42.819545
  -69.607572     -27.325790       6.289066
   55.156957     -19.816663      27.184832
  -53.206698      -5.639751     -24.784083
  -30.846567     -38.859708     -11.854691
   22.393783     -29.060692     -32.168461
   38.913386       1.736179     -10.375667
  -38.014555     -32.672062     -33.894700
  -77.479140      18.011063     -12.461175
  -15.795625     -37.765648     -19.166748
   -9.174698     -22.204210      15.815173
   -8.145100     -14.921198      -7.319120
  -11.408771     -16.893868       3.534826
   32.310322     -46.096922      10.998211
   -3.173435     -35.761028      10.537646
  -30.848290     -15.851552      15.805114
   22.059964     -44.898334     -21.080127
   -8.204797     -41.972311       4.598883
  -37.290817     -21.533785      -0.398631
   10.487202      45.123909       9.902338
   -2.002280     -17.019265      -1.881184
  -17.446766     -10.161823     -20.708960
   43.620184     -23.782592     -42.885624
  -33.243647     -27.217894      12.850756
   86.035470     -26.658926      -7.949741
  -28.451515     -46.249107     -21.476066
   49.753073       9.309317     -13.065472
  -47.876755     -28.955920       0.746915
   17.961954       1.297056     -12.352613
   24.976625     -26.591779      -9.712575
  -46.025670     -39.117707       8.424185
   38.889283      -3.925198     -12.346995
  -13.439864     -15.805416       3.781829
  -68.666282     -28.294385     -21.876563
  -22.090494     -54.079643      -7.307913
   10.090948      -7.929682     -14.667107
   43.854240     -14.306729       8.535713
  -50.939427     -30.996162      -2.734609
   39.796887     -40.500475     -14.364598
    1.094470     -23.269825     -15.305589
   -2.860692     -48.382430     -13.158733
    5.226618     -13.347790     -40.722424
  -47.277285       6.399910     -25.274675
   26.795063     -61.081581     -51.358641
  -17.978594     -21.129422      28.858095
   -9.752058     -19.848322     -25.471331
   -8.123510     -29.669689      37.522602
  -57.739615     -25.112445     -18.540064
   -9.509959     -24.379602     -17.571992
  -69.729130     -13.389969     -24.320592
  -46.112101       7.050293     -12.780060
  -63.603386     -44.677477       3.176409
  -33.428335     -62.789203     -43.338828
  -19.434053     -19.366345       7.021088
   44.565679     -40.023590       0.668703
  -38.663374      -4.942654     -15.761440
   57.544144     -54.204991     -29.200850
  -47.092587     -12.847823      -5.942782
   38.691302      -5.677203     -38.083656
   13.728193     -22.707738       3.562502
  -72.009002     -40.192098     -17.018430
  -47.695254     -35.024513      -3.662995
    3.664557     -67.633569     -17.927187
   76.654064     -34.049222      21.300940
  -37.194385     -35.502173     -11.825939
    9.139141     -17.987534       0.454464
  -43.332423     -17.985853       5.280081
  -96.835153     -46.444814     -10.540741
   -4.954712     -28.604136     -20.772062
  -42.629379     -18.923227       4.126332
  -82.630382     -26.715977     -62.309293
  -38.908560     -30.644569      -8.942875
  -66.129611     -50.261485     -33.492669
   35.939137      11.766174       5.791335
  -57.225796     -25.783166     -28.200575
   48.678157       2.530785      25.050364
    6.599369     -10.682593     -31.557690
   -1.005314     -50.804773     -18.844110
  -28.615826     -31.070350     -16.366568
   26.092489       6.077043      33.979627
  -36.475242       1.357791     -14.924203
   19.716374     -22.199777       5.221482
  -27.104726     -50.103536      -0.068866
    8.395347     -50.642389     -14.030303
  -63.980350     -19.706113     -25.727505
   -4.113007     -26.118450     -18.440336
  -76.210166      -5.652311      -2.078046
  -26.675208     -37.118455     -17.728056
  -61.661166      -0.411458      -7.753089
   10.928475     -80.164578      31.179418
  -41.329381     -10.102435      -7.843783
   35.696625     -30.912136       1.225954
  -40.339623     -23.462817      -0.453028
   26.623546     -34.732912      -2.267498
  -17.975664     -83.511670      12.367742
  -44.170741      -9.143739       4.317883
  -36.387656     -50.263992     -39.643151
  -58.357092     -28.391017     -10.683614
  -49.867184     -40.221599     -27.058554
  -25.925880      -0.842134      -5.877012
   -9.737565     -48.166957     -22.567311
  -49.454309     -39.912444      -9.203385
  -19.734671     -42.006105     -12.032138
  -15.571308     -64.147431     -50.386551
  -48.142661     -36.192073     -14.356946
  -13.090658       8.479711      20.532936
   -4.736549     -15.181074     -23.788896
   18.088487      -8.970294      25.878128
  -28.896690     -28.320515      10.914680
   21.794798      -5.369592     -14.836347
   17.457199      12.100786       9.051654
  -38.556438      -2.002299     -47.064791
  -43.224042     -47.830490       1.181749
   41.757952      -7.196218     -10.756566
   38.929756     -30.705148       7.601800
   10.275943       3.575222     -17.590813
  -48.830624     -31.552846     -14.133833
  -25.936636     -62.151024     -12.030375
    8.390910     -27.909669     -26.459179
  -15.770926       2.535340      17.455780
    2.275141      27.248131     -25.139855
  -43.883519     -21.794569      -8.934215
  -26.416161     -47.459168     -20.523798
  -36.687805     -12.273797       4.305243
  -27.786605       7.762736      19.863418
    2.944603     -36.198628     -27.258261
  -16.571703      -8.057021     -11.017830
  -44.108780      -6.489955       7.933596
   18.911382     -20.164848     -12.966238
  -15.899752     -26.020470     -20.593558
    6.551386     -56.191891     -40.678960
  -46.716724      -7.832994      -9.843090
   24.214225      -1.548377       0.679963
   33.916251      -7.575988     -11.541588
  -33.439413     -25.907055     -15.437456
    6.630397     -17.058837      30.673981
  -95.235463      -9.737759     -43.532826
  -40.509628       9.520960      22.144913
  -13.763499     -21.414320     -28.249466
  -60.637041      -4.696628     -18.416347
  -27.211755      -7.100780     -37.351500
   33.193534     -25.433423     -10.714258
  -34.792989     -47.579554      -0.043081
   14.185653     -66.816229       4.757400
    6.105430      -4.257417     -34.847879
   65.947434     -39.350961       9.604640
  -31.874201      -1.472081     -19.834187
  -49.212396     -14.095486      34.923136
  -20.357532      -1.116597      28.514084
    3.669064     -18.483616      21.538310
  -47.548352     -41.548226     -23.046733
  -53.938773      15.699816     -21.144203
   39.515269       2.456210     -25.628848
  -27.970170     -33.702187      -5.307040
  -34.470067     -40.369364      20.150642
   13.190819     -60.083901      -7.384851
  -23.096800     -53.831389      -7.667549
    9.593260     -13.074403     -16.985740
   27.224068     -34.696579     -12.473337
  -27.157323     -56.262576     -22.619451
   -9.990988     -41.778055      16.479973
  -31.715899     -27.770458     -26.258470
  -48.423095     -61.231414     -13.628964
   15.365640     -39.905486      -1.282076
  -41.857669     -10.502464      17.471565
   50.621732      10.237546     -12.016181
  -26.947260     -21.428347      -6.896541
    0.089409     -36.573797     -23.994919
  -31.064415     -13.731130      10.618934
  -91.651696     -63.369170     -11.240049
  -19.138661     -36.474249      -2.086105
  -15.089835     -47.877823      -2.975377
  -21.149203     -27.273689      -7.646551
   -4.238088     -33.004621     -25.484382
  -20.055621     -45.462249      12.422095
   15.946792      -8.705778     -15.671127
   14.604037      -2.972250     -24.126570
   -7.773566     -18.659555     -40.164479
   24.256336     -11.814277     -12.444193
  -31.474265      10.789426      16.092371
  -18.666544     -28.021532     -28.961405
   21.923163     -13.696156       7.916298
  -20.667797     -21.333666      11.751608
   23.016223      35.896961     -20.704682
  -26.346813     -12.782882       0.585416
  -39.430937     -36.653733       5.057847
   13.029706     -64.275004      17.738582
  -29.007104     -69.768314     -14.247730
   43.793164     -20.329237      -3.680644
  -25.831225     -66.385456      -4.279209
  -15.102347     -18.474784      33.472087
  -40.020925     -19.894560      21.558761
   -3.844136     -54.097313       1.237283
   20.920423      33.799824      11.524905
   84.859830     -10.676268     -13.930702
   18.816609     -40.172134     -20.783090
   12.600286     -43.546014     -14.190350
   15.980151     -28.473429       2.265359
    6.518890     -29.787399     -15.559598
  -14.479542     -28.513029      -4.080256
  -13.340872     -56.130335     -15.036694
  -42.671625     -40.970085       8.335304
    9.750250     -32.769629       2.251733
  -13.905521     -30.913891      14.833833
    8.212744     -28.056743      16.716530
   -4.077832     -18.784688       8.429971
  -32.306756     -31.156701       0.694361
   25.572742      -7.660281      -2.752472
   36.171693     -27.960809     -28.128223
  -59.976778       3.088070      -8.949019
  -38.659063       7.414656     -11.330775
  -43.429572     -40.515872     -23.792914
  -25.853205     -29.714090       9.461572
   23.702015      32.056683       7.358221
   27.477771     -34.770622     -40.340605
  -24.448694     -36.609796      -6.415319
   12.408749     -34.847134      10.623148
   27.684387     -40.364772     -14.048238
  -30.559779     -10.002894     -11.188657
  -51.701732     -53.916957       9.773697
  -25.883433      -0.182118      23.993788
    0.234461     -15.506214      27.672384
  -28.973277     -36.243593       7.688445
   23.769572     -37.372945     -15.788540
  -62.204959      -1.937053       2.526592
   -6.305620     -65.607630      41.867217
   40.774548     -26.942167     -13.305482
  -27.367719     -21.003027      -8.520044
    8.393637     -48.377980      20.033217
   18.085049     -79.566987      16.551595
  -24.081075     -30.243340     -37.696643
  -57.558504     -15.494209       9.663205
  -13.974393     -27.880089      11.244612
   -5.729521     -49.433320       2.069273
    2.254056     -18.812388       5.935758
   -1.524605     -45.096208       2.743495
  -59.572505     -44.585681       5.440308
   19.935510     -20.645361     -16.690390
  -25.732529     -35.799211     -19.950108
    3.184683     -29.344392     -16.516038
   -3.801125     -52.156248       2.091897
   16.589255     -44.327614       0.049901
  -22.925417     -30.404375       0.174271
   -5.638191       3.126403     -32.485955
  -71.538957      14.056546     -49.235291
   -7.810605     -50.419731     -32.495563
   11.859718     -41.573203       5.940006
  -16.781429     -23.676436     -48.600584
  -37.730282     -32.618326     -42.799869
   -4.721489     -18.153774     -28.347417
  -19.017265     -33.215916     -25.729648
   24.906050     -48.735439       2.547055
    9.027446     -26.694182     -18.658905
    7.187591      26.769220     -19.739692
  -77.643760     -45.096517     -18.996461
   14.391519     -21.833485     -26.418322
   30.585637     -10.624748     -11.342347
  -21.139850       2.624634     -22.161927
  -56.287947     -45.037301      26.235425
   49.255004      20.511901      12.335962
  -42.844408     -28.212789     -49.513791
   23.071883     -25.790400      -9.588048
   22.979381     -14.821745      23.007046
   -2.301551      -1.189434     -25.592626
   21.617210     -21.564039     -12.781200
  -48.454635     -15.534270     -57.752532
  -32.735396     -13.966443      -3.905912
  -39.304077     -34.014715      -9.049621
    3.304889      14.276008     -18.423810
  -50.461961     -21.532295     -10.291288
  -20.656544     -32.907729      18.359261
  -31.087780       6.851162      19.047126
   17.764966      -8.806014     -15.899477
   51.029256     -29.600225     -13.797871
  -15.130387      12.454348      -8.664806
  -19.276115     -48.608093      -4.161111
   26.308182     -20.975815      15.076374
  -79.649379      10.642577     -24.399189
    2.083571     -41.569677     -25.139830
  -54.930200     -34.904329     -59.464265
  -16.472440     -13.485999      -4.634442
  -38.301076     -27.889180       7.249142
  -53.612904     -32.770303       6.307134
   22.822555     -17.478164      12.746762
   19.249489       6.542257     -16.887903
  -44.634673     -17.263071     -48.273433
   12.002259     -50.180791     -12.308916
  -73.936250     -44.479433     -13.999412
   12.554466      21.401919     -21.451434
  -64.537056     -26.902519      -7.245790
   22.495514     -14.104469     -21.881177
   44.462451     -13.540250      -1.371743
  -18.858159      -1.902931      -7.784156
    2.777576     -51.133381     -20.064783
  -56.843219      -1.890634     -13.096413
  -17.193116      -1.736835      29.283132
  -61.970973      -3.919259       5.661633
   86.145059     -11.314424       5.345961
  -61.421038      -1.277082     -10.397107
 -123.385116       0.697265     -36.842643
   37.598783     -36.299215     -30.548081
  -58.252023     -17.614060     -11.782488
   15.584024     -37.334612      32.255557
  -70.741558     -65.056721     -10.275937
    1.776824     -44.353974     -24.331100
   -4.363066     -20.704708      -9.085404
  -16.263322     -43.863505     -17.191580
   27.196813     -28.715699     -34.858432
  -33.937975      22.409835       1.811765
   -0.902208     -44.393090      21.518097
  -21.936558     -38.726788      12.079192
  -16.387161      10.672018     -16.192718
   -7.918981     -37.352092      16.151453
    8.280638     -21.730787      15.228202
   35.517510       5.980595     -14.407407
  -67.739169       2.211290       8.531453
  -68.632941       2.417199     -13.760553
  -39.047667       8.904622       1.145311
   58.592135      31.468149     -10.111401
  -33.746102     -33.572341       9.829194
  -26.555997     -76.141198       5.497689
   11.199905     -14.104457     -25.665745
  -25.793979     -38.227835     -33.931184
  -17.618270     -32.332534      -1.984062
  -43.540993     -14.438396     -14.875169
   30.176654     -42.070414     -44.661857
  -21.685381      -5.864987      -6.705648
   24.331640     -30.722104     -61.217029
    3.754357      22.131084     -26.771861
  -57.049689      -3.953777       1.646400
   -9.730943     -26.219578      -2.094978
   13.606945       9.563207     -10.606938
  -13.887175     -24.958108       2.814752
   35.965408     -65.325463     -12.050265
  -34.640046     -43.372837      -7.060005
   -0.349233     -31.491353     -30.710692
  -26.588837     -52.571655      11.504186
   51.639975     -42.034219     -33.050398
   26.784145     -50.925156     -16.442850
  -43.466313      11.059433     -37.531373
    9.819623     -21.487815      13.757271
  -71.260337     -41.072052     -44.777675
  -19.002683     -11.828785     -17.307184
   44.058626     -41.842421     -10.059226
   44.740622     -21.715758       7.264814
  -32.730783     -16.098725     -18.011555
   37.373251     -51.190002     -29.819906
    9.309283     -24.003540      20.193405
  -41.390770     -60.302981     -23.410529
   12.514995      -9.560601     -25.090545
  -19.955586     -24.717698     -12.710953
  -37.991091      -8.596072       4.511260
   13.778533     -47.234572     -13.731177
   -1.898304     -11.167401      10.433774
  -38.517588       8.277478     -10.479412
   17.378878     -49.222850     -26.148560
   55.802504     -43.998586       7.392718
   52.356306     -10.680749     -22.103793
    6.811703     -22.010818     -44.458494
    6.963694     -48.926022      -7.654191
  -12.776519     -22.162684       8.361895
   -6.856537      -9.304859      41.316143
   29.546540     -10.154310      17.300891
   50.504222     -26.457157      -6.965525
  -37.914754      -4.324046      -3.819190
  -43.816179     -52.842702      26.648856
  -62.484207      -7.207454     -29.071824
    9.916345     -36.651693     -22.110899
  -52.678542     -51.316473     -24.669331
  -20.364923     -32.774506      -5.320716
  -13.074159     -52.640702       3.382068
  -29.933328      -2.684566     -16.750160
  -59.260210     -41.131192     -17.720262
  -31.391501     -15.297951       4.774893
  -45.728557     -25.407338      -7.502620
    3.836085      37.841463     -12.977557
    4.653384     -37.483463      18.289618
  -37.517717     -15.185133       3.618434
  -23.128478     -20.526557      12.897647
    5.503858     -26.089585      10.756148
  -22.291277     -19.993211     -15.682493
   16.522257     -43.287973       1.931487
  -60.937846      -1.028853     -19.729356
   18.304951      47.456125      44.330729
   31.297432     -14.636524      -2.990182
  -64.819680     -38.317519      11.570234
  -14.556519     -18.391079     -43.321944
  -10.254991      17.584010     -15.737594
  -32.123446     -54.663700     -43.870420
   23.411564     -14.880600      14.791240
   35.513735     -15.000008      11.913464
  -64.492884     -13.886105      14.165845
  -32.947140     -16.855759      -9.496999
   23.799104       1.605312     -17.101197
  -92.949859     -19.924878       7.445792
  -17.598378     -36.178908     -21.125888
    2.677334     -28.581263       9.678244
