   13.918801     -27.366133
   15.021142     -39.451242
   13.264448      26.187881
   12.086506     -11.997142
   15.152195     -32.851985
   15.436623       3.293165
   13.949150      -5.434910
   13.099204     -12.905109
   10.692977      20.118568
   15.471709     -19.771751
   14.475932      32.929164
   15.196522     -36.016903
   15.021798     -30.212855
   15.226751       1.181011
    8.846968      -5.034516
   10.550039      13.357264
   13.108559     -17.185719
   15.094685      15.587264
   13.361629      19.035797
   15.124286       6.749210
   13.782006       0.834483
   15.112836     -31.090006
   15.281510     -45.890729
   14.518357     -44.200065
   13.977939     -53.865895
   14.606387     -24.192117
   13.375697     -58.050520
   16.105750     -31.807103
   15.924868     -43.326002
   15.404521       2.353186
   15.918345      21.771131
   14.161769     -29.181176
   14.357427     -34.900402
   12.595790     -28.288062
   14.750067      -9.542795
   14.776668      -6.003945
   14.865797     -16.835113
   14.993183      16.222519
   12.936089     -20.836146
   15.196165     -13.835408
   15.200098      15.396048
   13.895427     -44.269188
   14.738097     -27.514437
   12.740812     -30.616087
   15.093957      19.168833
   13.613951      -2.874840
   15.126796      -8.584969
   15.069627     -39.583060
   13.101722      -9.553227
   14.696489       0.555984
   11.738334      -5.210472
   14.113660      12.130813
   15.334173      -2.210338
   14.931979     -23.388683
   15.203086       9.430107
   15.110893     -25.882878
   13.470247     -10.051416
   14.124610     -45.298630
   15.067049     -11.870418
   12.638835      -7.062263
   13.438345       0.973162
   15.149715      10.443778
   14.736101      12.997458
   13.486513     -28.422008
   15.789701      -8.901816
   14.409485     -55.555478
   14.191872     -37.953476
   11.361129     -34.416389
   14.390770     -57.883898
   15.812423      -8.769514
   11.922442     -34.488405
   14.886924      -8.415745
   15.091205     -28.010421
   14.310104     -19.586455
   14.358203      26.531705
   14.402155     -24.858743
   14.989997     -27.968942
   15.130601     -18.479290
   15.085116     -37.052407
   15.072236      -1.208194
   14.597324      23.374244
   13.366029     -33.867043
   15.081297      -4.881489
   11.447603     -10.438847
   14.645866     -51.477447
   15.252712     -15.009031
   15.128520     -25.481336
   15.125490     -42.207674
   12.605168      -1.866048
   14.994360     -19.288761
   13.018499       2.093632
   15.048167     -41.502466
   14.975734     -18.537053
   15.074295     -12.618833
   15.064901      26.339184
   15.503538     -55.138743
   15.906314     -32.134845
   14.997477     -22.723788
   15.080694     -61.370368
   15.038594      11.005337
    9.610329     -34.677151
   15.575126     -37.856188
   15.640375      40.720453
   15.116970       3.484357
   14.977400     -13.089560
   12.650097     -29.606603
   14.915878       9.222495
   14.468097     -24.489727
   14.959823     -17.082923
   15.013140      13.659629
   15.008556       3.333654
   15.039722     -42.963997
   12.492087      16.638427
   15.045341      -1.647190
   14.938294     -20.344601
   14.837081     -21.042136
   14.984909      10.522976
   15.024983     -41.292814
   14.459069      -3.969880
   15.037463     -28.243130
   12.913798     -22.352001
   14.986919     -24.266206
   14.467572      18.421858
   14.051113      10.431234
   14.554429      17.937225
   11.736095      13.281293
   13.845770       9.798267
   14.966609     -27.903063
   13.142896     -11.123556
   15.457216       6.307436
   11.989771      -7.830002
   14.964313     -28.954272
   12.891888      -0.854114
   15.010147     -29.610448
   14.997998     -43.565251
   14.974524     -25.908235
   14.948265      -9.589786
   14.993349      -8.395791
   15.741361     -41.483643
   14.968125     -23.124270
    9.010826     -15.735635
   15.741054     -25.396111
   13.127532     -37.026794
   14.956009     -40.160958
   14.449517       2.116731
   14.959474     -18.829150
   14.867642      -5.915643
   14.273827      -2.902652
   14.986149     -17.336677
   12.771109     -38.490754
   14.893800     -26.630075
   15.327122     -25.798685
   14.926006       2.563204
   14.938526       4.473314
   14.854670     -41.358512
   14.927444     -30.445423
   14.958777      20.534738
   14.932453     -23.112393
   15.295101      23.060636
   14.002878     -31.369840
   14.792767     -21.284387
   11.291306      -8.371670
   13.041964     -13.104303
   14.961331     -47.876589
   14.939540     -29.217576
   15.527158       5.755080
   13.807086     -46.783924
   16.193934     -33.255823
   14.793107      -2.782323
   14.855867      44.742146
   14.884242     -15.368652
   14.907310     -12.453330
   14.853149      -6.899725
   14.760790     -21.312002
   14.626574     -42.474983
   14.910923     -44.713940
   14.809455     -10.422536
   13.897032     -34.794214
   14.701786      -8.336591
   10.496430      -8.749714
   13.367358     -29.138154
   14.887140      17.160485
   13.964642     -11.452946
   14.885961     -14.716498
   14.640739     -17.931035
   12.764478      -7.480656
   14.858987     -15.569555
   14.812557     -27.764153
   14.794880     -19.786521
   14.741269     -22.108674
   14.039222     -22.498823
   14.863110     -10.766873
   14.598144       4.985277
   14.884788     -37.786315
   14.880621      -9.530826
   14.767262       1.985289
   14.885720     -18.468449
   14.381506     -33.150319
   14.996847     -18.762185
   12.671673     -35.446020
   14.845749      13.280674
   14.549112     -18.935425
   14.795074     -57.544286
   14.921415     -18.771064
   14.016335     -40.248361
   14.864174       0.608774
   11.621888     -39.543644
   14.936302     -25.697399
   14.872487       7.083216
   14.752329      -5.703864
   14.773836       8.491873
   14.769004     -23.195463
   15.706721     -67.192002
   15.346174     -22.547546
   10.679749      -4.244337
   15.209221     -17.963971
   14.303945      -9.916384
   14.812233     -19.651924
   14.789818     -26.471141
   14.855820       4.088684
   14.917861     -63.276394
   12.208093     -27.098806
   10.946206     -43.928839
   15.463151       9.458854
   14.277265     -36.038604
   14.798968     -10.545701
   14.823733     -15.931169
   14.653075     -41.076327
   14.580207     -35.986985
   14.826959      12.994148
   14.620392       2.996897
   14.509420     -20.196099
   14.085612     -52.908014
   14.357257     -50.568960
   14.665043      -6.743618
   14.955616     -27.238346
   14.729907      29.270347
   14.332878     -38.432013
   14.747994       7.296700
   15.811159      -6.084803
   14.744362      -8.788110
   14.537060     -38.754437
   14.201430     -21.744018
   14.121294      -7.528864
   14.390379     -47.971471
   14.769626      -6.638071
   14.664699     -57.073218
   14.768070      -9.348273
   14.738417     -35.889481
   14.709162       5.674265
   14.765346     -48.504845
   14.715421     -39.232373
   14.756289     -28.536423
   14.725796     -25.047410
   14.691663     -42.642260
   14.456952       0.643308
   15.452642     -12.738845
   14.689256       3.737768
   14.624486     -32.472554
   14.623672      -6.464142
   14.719253      11.001041
   14.717855      -7.679259
   14.646501     -23.685663
   14.481063      -7.531413
   11.024806     -24.381354
   14.007300       4.746153
   14.611645     -16.957711
   14.691919     -59.957280
   14.672009      -6.023002
   14.457325       5.591443
   14.538734       1.625330
   14.614494     -22.173196
   14.146059     -39.767541
   14.405164      -7.500048
   13.356366      -9.862262
   14.597126      -8.628563
   12.982873     -10.597137
   14.652477     -10.567082
   14.253952     -19.046267
   14.649762      -9.376689
   14.546022     -54.013618
   14.645338      -8.868548
   14.617338       5.579187
   14.456522      -9.589684
   10.099614     -24.260796
   14.574717       3.151106
   14.553354       6.729992
   14.513468       9.310537
   14.549752     -24.740740
   14.511092      -8.744413
   14.541650      -5.743387
   14.403944     -13.361695
   13.740972     -41.177871
   14.557896     -65.960409
   14.758686      -7.153156
   13.884289     -56.345440
   13.081861     -14.296784
   13.840366      -7.858019
   14.518579       6.310059
   14.487318     -10.935056
   14.317823     -27.675375
   14.476228       2.848962
   14.228732       2.595059
   14.502951     -37.247866
   14.353779     -16.571820
   14.524704     -29.311660
   10.246612     -33.405096
   14.457818      -9.972743
   13.897315      -9.952467
   13.375636     -37.592409
   14.473187     -23.078163
   11.562252     -30.694378
   14.021957     -60.909990
   14.089016     -11.724393
   14.319010     -27.300731
   14.141486      -4.130198
   10.239154     -20.077337
   14.409081      -9.242731
   14.208914     -23.669590
   14.361794      22.165719
   14.225829     -36.768035
   13.762387     -15.083231
   13.591448     -12.952601
   14.358072     -15.551710
   16.646784     -28.759677
   14.111271       5.542198
   13.385087      -5.592094
   14.088750      -7.233039
   13.675588     -15.548285
   14.167297      10.823038
   14.102860     -13.614000
   14.225890      -8.402678
   11.583796     -20.313692
   13.953550      35.330993
   13.667168     -18.061946
   14.275538     -20.977772
   10.351162     -39.462340
   14.214945     -65.042339
   11.710260       2.814839
   14.056205     -63.979970
   13.712869     -28.862208
   14.255294     -27.743664
   13.015962     -53.234898
   14.233440       1.504873
   14.152048      21.350433
   14.020059     -37.772949
   14.265502     -42.273744
   13.779439     -29.724024
   15.226246     -30.264440
   14.236817     -28.061312
   14.092025     -43.790051
   13.683272     -31.557765
   13.321996     -17.831273
   14.014330     -10.515485
   14.109406      -3.140236
   13.860948     -18.151740
   14.170418     -11.484241
   13.096795       5.959699
   13.738968       4.514281
   13.754179     -24.849302
   12.026700      24.162465
   10.513254     -31.466496
   14.147557     -25.263652
   14.172067      27.641377
   14.129268     -46.584666
   13.868481     -30.888547
   13.991102     -27.692500
   13.947672     -34.697144
   14.035358      -5.576842
   13.560453     -29.194184
   12.989399       1.056783
   13.437544      -3.166981
   13.412851     -15.698401
   14.057910     -40.153901
   14.068945     -14.938225
   13.946682     -17.285712
   13.967880     -11.130524
   12.801859     -17.637582
   13.979749     -22.235568
   13.659547     -14.468651
   13.109162     -18.078012
   13.433643     -30.282259
   13.905278     -22.104614
   13.853552     -23.299629
   13.714068     -13.375679
   14.811259     -18.161095
   13.906506     -54.313512
   13.357879      -6.480762
   13.420216     -28.470951
   13.792981     -21.239465
   13.881169     -41.167195
    9.292385     -45.450518
   13.349114     -31.178989
   11.291515       0.003905
   13.117613     -15.040612
   13.854571       4.098047
   12.606721     -15.232284
   13.758914     -36.312424
   14.232352     -12.931676
   12.659632      -5.325219
   13.745809      -0.864907
   13.753723     -39.173544
   12.571564     -28.203858
   13.598451      20.254038
   13.515001     -58.423820
   13.481558       7.223198
   12.277987      10.709294
   13.755388      -5.597176
   11.676292     -52.365978
   13.674449      -3.939062
   13.435672     -28.799304
   13.509729     -12.874519
   14.319911       3.544498
   13.338146      -0.635953
   12.746694     -18.706410
   12.830743     -41.467751
   13.510972     -12.344346
   11.256543     -12.391753
   13.292017      14.759456
   12.791392     -31.236544
   13.652075     -22.318459
   12.516617       5.919869
   12.950129      -1.438054
   13.599848     -44.602875
   13.013924      11.770316
   12.816391     -35.431501
   13.423330     -19.735193
   13.546750      -1.941697
   12.879314     -29.975506
   13.349505     -39.559994
   13.194790     -15.819040
   13.421537     -26.567884
   13.403893     -29.855021
    9.075963      -8.677077
   13.587065      -7.106152
   13.362188      12.140842
   10.675219     -42.255250
   12.854527     -47.867897
   13.208452      18.380576
   11.757634       6.163848
   12.566450     -23.746714
   12.915345     -16.256221
   12.364706      -2.129743
   12.263489      -1.328493
   12.784195      -0.938430
   12.215368      -3.327398
   11.436937     -17.511878
   12.691207      -5.723940
   12.473920      29.656897
   12.047084      22.839503
   12.780531     -29.257164
   12.996932      19.433516
   12.418706       0.134634
   12.252427     -39.778195
   11.759357     -24.798606
   12.825397     -15.047931
   12.752814     -44.102841
   12.712347       5.769045
   12.164400       4.811929
    8.010962     -36.708572
   12.114448     -38.937859
   11.336525       3.359806
   12.381492     -31.012632
   12.327882     -18.408609
   12.661524      -8.431533
   12.688702       5.590677
   12.620947      25.076559
   12.483132       9.593748
   12.164881      37.574724
   10.208318     -10.904266
   10.364531     -25.677804
   11.503150       3.820730
   12.251529     -17.142314
   10.235190     -20.715884
   10.073409     -15.195789
   12.088699     -31.296072
   10.208632      -8.561722
   11.969125     -51.553441
    9.724664       9.416637
   11.943537      14.017856
   12.149249      -8.655490
   12.026259      13.217146
   12.045033     -26.402747
   10.909143     -28.287537
   11.730930     -47.768134
   11.880338     -28.880767
   11.810105     -23.290528
   11.581957     -23.366315
   11.664507     -35.650116
   10.934917      27.193723
   11.628350     -13.753209
   10.940925      24.494848
   11.422155      -7.060685
   11.297924     -50.976169
    9.767781      -5.786269
   11.257816     -18.368516
   10.308021     -27.229003
   10.597244     -20.936108
    9.422036     -57.794828
   10.802193      -3.545431
    9.326498     -25.621843
   10.583653     -21.765714
   10.600903     -19.786887
   10.358892     -12.277081
    4.282845       9.900408
    9.189335     -47.691316
   10.079348     -51.111429
    9.070595     -13.066525
   10.181420      -9.176099
    9.576758     -27.203020
   10.463274     -19.853868
   10.090921      12.946692
    7.922374       5.857733
    8.720097      14.445766
   10.312267      12.315566
    9.239278     -46.294086
   10.159950       5.872760
    9.544756     -34.026303
    9.648331     -32.996237
    9.169164     -20.341832
   10.042085      -8.188209
   10.021218       2.069139
    9.964771     -22.382963
    9.893637     -22.584245
    8.923511     -31.507722
    9.822225      33.789521
    8.349459     -18.410526
    9.739791      -9.370571
    8.999022     -24.041390
    9.341520     -22.285647
    9.502099       2.060585
    8.101794     -41.110168
    8.983338      22.817755
    9.303049      39.031637
    6.081365      -6.677573
    8.230256     -10.164177
    9.260833       7.483985
    8.617589      20.406116
    8.930338       4.147859
    8.759919     -11.137270
    8.386745     -21.502450
    7.976631     -30.045005
    7.440419     -14.152095
    6.984212       9.852269
    7.065207      -1.239420
    7.490780     -37.184079
    6.860682     -22.892265
