   14.942192    -216.811680
   14.957269    -200.528087
   14.950936    -177.195071
   14.896004    -116.976945
   14.926483     -33.431974
   25.254169    -347.225449
   14.827285    -205.441912
   15.268920     -88.181932
   14.173650     -17.177424
   13.274867     -74.767697
   14.906500    -309.673625
   14.904739    -277.371492
   14.828089     -61.614312
   12.512238     -40.184061
   14.876776    -153.542023
   14.801165    -145.083184
   15.954940     -87.897517
   14.808912     -67.922727
   14.935088     -86.471965
   14.703760    -103.839561
   13.817769     -36.305081
   14.857494     -79.024659
   14.650398      -3.103654
   15.060490    -125.047579
   13.395858    -147.600932
   14.813478     -51.426036
   10.892965     -39.836871
   14.791934     -49.010666
   14.773741    -119.395615
   14.673030      45.406820
    7.773715    -103.258906
   15.371562    -159.096050
   14.928960    -101.303302
   15.577346     -88.465561
   14.529552    -140.896473
   14.542648     -70.459400
   14.757215     -27.037613
   22.810337     -44.143136
   11.626113    -117.852063
   11.528659     -70.969744
   15.260863     -82.127734
   11.809705     -49.733033
   14.494449    -126.179792
   14.561139     -63.508072
   14.497600     -90.659053
   15.593322      18.133312
   13.293247     -74.268370
   13.996545      -8.005411
   14.500009     -76.695936
   14.744546      -9.104818
   12.221132      34.639664
   14.508095     -10.614769
   14.694851     -31.804371
   13.905690    -114.982219
   14.250531     -31.938687
   11.950522     -55.273395
   14.363773     -69.706236
   16.733600     -41.487645
   14.630044     -32.548812
   15.818601     -28.967196
   14.635006     -59.502032
   10.153006     -95.057311
   14.678950     -83.581989
   15.945560      27.972898
   14.523637     -30.314177
   14.659968     -21.160867
   14.425188      -6.785104
   14.712495     -37.019517
   11.880078     -56.205182
   17.222373     -18.507295
   12.129946      -2.426854
   14.394888      20.915815
   14.118224      17.027769
   15.893216     -82.069611
   11.573048     -24.454982
   14.572204     -36.016670
   14.491946     -26.213056
   13.791544      -3.718618
   14.286599     -17.671688
   14.528068     -68.517450
   14.244486     -88.616253
   12.563680     -76.147412
   13.776857     -49.081346
   14.383366     -35.842377
   14.529548      -4.632689
   14.801676     -48.204603
   14.563027      -2.402557
   13.063192     -93.232274
   14.598503     -21.478092
   14.510205     -31.712373
   14.394711      13.445992
   14.384653     -11.815583
   14.589525     -53.082247
   13.885260     -31.991511
   14.513266     -52.470758
   14.581208     -32.738343
   13.510290     -39.530193
   14.415900     -68.482120
   14.485236     -54.772712
   14.409507     -26.404474
   14.261783     -52.712250
   14.391175     -24.948138
   14.539472       3.692066
   14.372660     -75.337571
   14.536915     -12.287564
   14.409937     -59.891823
   11.751050     -10.131256
   14.038806     -18.571538
   13.712691     -15.982535
   14.465334     -69.734655
   14.289972     -33.175465
   14.451421     -61.813199
   13.536906     -27.993182
   13.753593     -49.858238
   14.229408     -26.882665
   14.527657     -43.253891
   14.282164     -56.866239
   12.811056     -21.714849
   13.988127     -31.955309
   14.514610     -27.160774
   14.515465     -38.551781
   13.846875     -38.670535
   14.309610       2.036646
   12.525833     -16.362520
   14.418318     -41.425198
   14.107572     -14.759883
   17.030772     -68.632690
   14.393185      33.468699
   14.283986     -32.152663
   13.683988     -92.978618
   13.243541     -50.327980
   14.319171     -27.416366
   14.382865      10.522729
   14.389810     -48.578657
   14.301566     -31.813180
   14.403655     -34.137366
   14.097452     -39.218293
   14.138375     -23.577166
   14.466879     -28.279233
   13.565771     -59.747534
   14.227028      -9.560021
   14.325047      24.867734
   13.876540     -34.107355
   14.289699     -29.391745
   14.149336     -45.854286
   13.969823     -58.065550
   14.004161     -40.581114
   14.030340     -40.205831
   14.012591     -49.942913
   14.154958     -39.043842
   14.136208      29.960618
   14.169725     -11.971806
   13.893283      -0.955542
   14.178486     -33.079968
   14.338290     -41.991422
   14.404119      -9.879661
   13.534553     -46.383799
   14.405632     -32.383225
   14.149704     -26.831912
   13.164114       9.414244
   14.352917     -45.292184
   14.310617     -65.728285
   14.005009     -23.456342
   17.035749     -15.148580
   11.312016     -48.709515
   13.604660      -8.806580
   14.328645     -28.522204
   14.319651      22.392602
   14.187676     -26.870362
   14.113451     -28.349786
   14.219288     -69.023539
   14.223239     -62.499877
   14.215570     -21.001750
   19.754626       3.126850
   13.969003     -18.481595
   13.895294     -24.833198
   14.335037     -26.767492
   21.547174     -27.870867
   14.353056     -35.448726
   13.972578     -42.139961
   14.217302       0.558026
   13.636864      20.342509
   14.303674     -16.620078
   14.337680       4.481280
   14.108206      -3.149734
   14.138301     -70.818866
   13.805901      19.589997
   13.989944     -47.658071
   14.188952       1.800708
   13.817729       3.404557
   15.279078       3.640888
   13.288586     -51.243066
   14.348104       3.245688
   14.089061     -15.148475
   14.122235     -13.708642
   14.342139     -43.295781
   14.097554       6.056940
   14.312905     -12.033651
   15.809235     -40.892414
   14.312970     -36.422249
   14.280878       2.534613
   14.315587       2.056407
   14.233826     -26.903629
   14.143427     -39.493214
   13.714624     -19.271331
   14.037278     -63.395037
   15.034443     -42.531010
   14.236251       7.479896
   13.572692      11.365972
   13.677391     -17.584947
   14.243519     -44.452811
   13.858664     -46.466804
    8.806776       8.177163
   14.017731     -26.061348
   13.887357     -23.336235
   14.031310      14.235231
   14.289671       9.336345
   13.871460     -60.704014
   13.969741     -10.949427
   12.125108     -62.499547
   14.010521     -27.945143
   18.189110     -32.551510
   14.169848     -37.111244
   14.930247     -22.769806
   13.977702     -21.317356
   14.258084     -47.758606
   13.801457     -38.207149
   13.903042     -30.527034
   14.165119     -36.309104
   12.032321     -27.288800
   14.266901      -7.108485
   14.166298     -24.239022
   13.287892     -53.168983
   13.972954      21.575315
   12.034339     -18.259831
   13.932435     -38.371980
   13.230562     -22.509801
   13.662017      15.881882
    9.201858     -41.771680
   14.140159      14.030125
   14.132985     -15.709098
   13.920479     -27.983943
   15.811666     -36.701470
   14.234406      10.894751
   14.135372     -52.627825
   12.669184     -41.275877
   13.991423     -58.436306
   13.905488     -31.805632
   14.018619     -35.462588
   13.765848     -25.265221
   13.591924      -3.540308
   14.190736     -16.781288
   14.186299     -43.034700
   14.123132     -20.156129
   14.114066      17.309193
   13.946543     -31.102530
   14.084286      -4.937676
   14.175711     -18.574163
   14.128534     -55.615989
   13.653299     -32.585998
   13.608724      -2.055711
   14.180117     -33.407165
   14.184298     -24.965986
   17.864329     -39.215210
   14.166220     -60.163783
   13.130617     -26.714103
   13.672827     -25.866917
   14.141150      -9.915912
   14.148484     -41.225949
   13.194922     -25.982252
   14.161178       3.935142
   13.960627     -12.874736
   13.570422     -26.042005
   14.167794     -14.864813
    9.435851     -58.055243
   14.018036     -10.450422
   14.034420     -69.300048
   13.669717      12.407666
   14.030302      -7.331537
   14.148801      13.886016
   13.740299     -47.448915
   12.925034     -29.263071
   13.901269     -14.992096
   13.643154      -5.127828
   14.141492     -26.975473
   14.032800     -29.991248
   13.671481      -9.171108
   10.053779     -37.296901
   16.151411     -31.135698
   14.138977     -28.043996
   13.564948     -23.085069
   14.142618     -26.482330
   13.840934     -17.422994
   13.136997     -37.886895
   14.142228     -35.728060
   14.133473     -33.464495
   14.065195     -13.314548
   13.582973     -11.597825
   13.268451     -17.966108
   14.108076     -18.728238
   13.402053     -11.327024
   13.273533     -24.615288
   14.084829     -23.380151
   13.370399      -1.591586
   14.061448     -33.828166
   13.378167     -30.220232
   13.982035     -40.187013
   13.435713     -36.003826
   13.356608      -7.979324
   14.001339     -25.808177
   14.106613     -30.626392
   13.324341     -18.633968
   14.008478     -21.638373
   14.064279     -17.311383
   13.272194     -23.638949
   14.094442      28.976194
   13.968110       5.161603
   12.975773     -11.149705
   12.537932     -19.804143
   13.982255     -33.029446
   14.047175     -44.490102
   14.002464     -16.720399
   14.080021     -22.310050
   16.875044     -44.849432
   13.332850      -3.935893
   13.919547     -26.459443
   13.620836     -16.608419
    7.517478      15.734378
   13.226187       0.760997
   13.017546       8.911798
   14.006065     -54.215570
    5.641143     -30.219390
   14.006250     -44.941093
   13.300783       3.326911
   14.054861     -49.072820
   13.989386     -34.406365
   14.034869     -27.694748
   13.117581     -30.328790
   13.412562     -37.152196
    3.781137       6.312054
   12.687874     -31.420899
   13.545069     -33.198072
   14.037228     -19.415325
   14.034672      -4.181192
   14.019251     -48.647587
   14.727798     -19.222699
   13.557047     -31.213838
   13.742834     -27.312573
   13.988602     -41.332441
   13.991705       0.845953
    9.115098     -44.828670
   14.017484       4.126306
   12.787505     -37.323628
   13.929047     -48.099892
   16.457863       5.422205
   10.380464     -18.930633
   14.009711      -7.121997
   13.869983     -41.661064
   13.803386     -17.195091
   13.138946     -29.329579
   13.321361     -22.841484
   14.009356     -26.567830
   11.289728     -15.961924
   13.823602      -1.126202
   13.120622      -7.033554
   15.540685     -30.798226
   13.965797      -4.444136
   13.538245     -19.917941
   13.880167     -29.095690
   13.339781     -13.832916
   13.954262      -6.667877
   11.270809      -6.188487
   14.368926     -28.744582
   13.975779     -24.150546
   13.250612      -2.052162
    9.586123     -44.827593
   13.844676     -12.736626
   13.963304       7.916269
   13.775456     -18.672179
   13.374501     -31.755108
   18.119609     -18.339223
   13.909705     -37.511750
   11.445053     -24.830770
   10.206220     -10.358060
   12.995866     -13.292435
   13.632783     -62.098759
   13.567819     -23.674431
   13.903481     -41.404878
   13.295652     -22.821127
   14.987171     -60.738857
   13.745499     -33.702830
   13.456572     -34.552746
   13.380436     -10.294187
   13.248113     -25.369617
   13.804554     -45.447766
   13.893625     -18.137279
   13.632789     -35.079984
   12.480467     -38.759185
   13.716317     -25.956977
   12.970181     -33.019931
   13.361950       5.874036
   13.890499     -21.026672
   13.450894      15.699069
   13.204243     -31.414683
   13.507039     -12.726954
   13.267537      -6.217490
   13.816342     -28.327728
   13.846038      -7.281212
   13.823062      -5.884161
   12.870736      24.677129
   13.254388     -22.149456
   13.251292      -2.635128
   11.963749     -20.869841
   13.526215     -40.785481
   13.839545     -22.463363
   13.252255     -22.233195
   11.404888       0.431715
   13.073390     -21.881587
   13.855482     -34.029256
   12.676167     -31.776154
   13.852330     -20.218160
   13.735306       8.865762
   12.211487     -36.422550
   13.706090       0.001664
   12.874280     -16.812092
   13.782256     -20.426149
   12.401436     -28.213164
   13.591459     -31.262940
   13.840002     -15.252718
   13.500511     -52.561660
   13.239648      -4.326792
   10.030198      -0.861011
   13.843135     -39.190694
   13.574291       2.455460
   14.528482      15.372172
   13.285975      -3.236639
   13.262496     -23.975455
   13.826804     -58.664282
   13.672734     -19.087870
   13.615968     -18.240094
   13.755409     -18.165992
   13.256038      -8.716136
   13.246176     -54.172494
   13.652085     -32.393341
   13.237106       1.416459
   11.370744     -20.088486
   13.650706     -35.249832
   13.785492     -41.495226
   13.798953     -31.991091
   12.589862      -0.011864
   12.914312     -57.220482
   12.766403     -24.141610
   13.754703      -3.546586
   13.780048       5.235195
   12.599544     -38.444168
   17.146219     -24.977296
   12.680178     -25.495286
   13.775206     -52.595272
   12.837451       1.795397
   12.593143      -6.768847
   13.332287     -18.489644
   13.747338     -22.647030
   12.995693     -50.406888
   13.459405     -16.846834
   13.467914       2.855847
   13.756860     -48.381920
   13.702559     -55.727126
   13.756225       4.799644
   10.855284     -38.401665
   13.157120     -53.197487
   13.400296     -37.049558
   13.345354      -2.752789
   13.681393       4.118848
   13.637681     -17.578260
   13.444828     -19.883865
   13.638693     -13.076017
   14.969883     -40.227005
   13.513229      -6.825246
   12.201654      -3.769287
   13.171608     -18.195201
   13.677133     -19.991487
   13.715474       0.018173
   13.706121     -18.814348
   12.448125       7.129332
   12.681913     -31.868875
   13.241816     -34.620741
   13.633843     -14.543109
   13.025610     -37.441561
   11.573465     -26.220509
   13.009004     -18.726214
   13.283281     -12.158397
   13.243416      -2.746278
   13.040878     -39.446365
   13.600244     -27.620940
   13.182469      -2.450655
   13.605791     -30.900326
   12.631719     -46.458652
   13.436577     -38.860338
   13.636772      -3.361159
   13.513139     -26.463886
   12.891300     -33.698600
   13.539637     -23.859070
   12.688711     -27.905878
   13.200224      -7.776890
   12.637832      11.860136
   13.726589     -51.398032
   13.518464       6.443775
   13.636420     -28.246976
   15.912570      -2.468546
   13.659094      -5.148820
   13.358525     -36.937472
   13.434822     -23.516562
   15.141048      -7.988987
   13.412872     -65.553419
   14.092610     -29.712280
   13.428411      -3.521308
   15.668746     -10.141027
   13.430324     -29.140428
   13.389918     -41.060485
   12.967961      -0.627118
   13.001452      -1.028558
   12.882378     -19.644166
   12.995264       2.981791
   12.415711     -25.809819
   12.974513     -17.203815
   12.862787     -12.807177
   13.126670      -0.566747
   13.121550     -31.400433
   12.471099       0.483591
   12.737587     -21.444624
   13.342220     -22.086627
   12.146637     -23.812128
   13.022260     -10.114105
   13.234060       2.538207
   13.565412     -20.776351
   12.526154     -14.947941
   12.894580     -10.253443
   12.217416     -35.020568
   13.491490     -40.051849
   13.534397     -24.508755
   14.175914     -11.546968
   12.937308      11.406621
   12.922952     -73.698675
   13.432827     -18.155966
   12.920337      -8.807125
   13.194317      -4.843665
   12.973840       4.024032
   13.143727     -26.381465
   12.536926     -18.319736
   12.120316      25.470115
   11.177744     -18.566394
   13.479267     -12.847105
   12.837413     -17.547690
   13.269955     -43.589210
   13.489258     -19.651083
   11.685491     -58.667466
   12.482368     -41.478203
   13.530080      -9.880816
   11.062550     -29.243125
   13.797160     -41.857375
   13.321446     -24.886837
   13.441069      -7.422227
   13.197812      23.419239
   13.456483     -22.705671
   13.006004     -14.274304
   13.490120     -16.156933
   13.484515     -31.654177
   13.458652     -35.924268
   12.747677     -26.027439
   13.382437     -15.178984
   13.465253     -12.202496
   12.226757     -15.210609
   12.720335      10.597258
   12.197376      -5.319172
   12.358990     -45.992411
   12.735834     -21.466347
   10.893965     -54.163709
   13.106806     -24.580229
   13.390550      -6.644966
   12.859703       1.635773
   12.132226     -27.250112
   12.611927     -12.880671
   12.038961     -19.509747
   13.388263      -2.383813
   13.414450     -12.254026
   13.416231      12.676876
   10.481230     -22.135113
   12.480380     -44.389824
   10.345878     -12.755524
   13.328213     -17.964299
   13.175738      -8.732662
   13.192035     -18.992036
   13.408320     -20.323084
   12.515126      -3.472159
   13.118860      -6.091822
   12.640302     -26.698941
   10.153145       2.997723
   13.076726     -53.824628
   13.186223       1.952815
   12.503176      14.598868
   13.231080       7.394351
   12.568907      -8.014094
   12.528779     -31.414245
   13.344762     -19.611551
   13.208683     -15.608062
   13.245824     -52.570804
   11.234334      -3.037475
   12.947015     -38.169374
   13.149279     -30.346625
   12.497161      -9.376050
   12.553936     -16.476259
   12.642764      -5.766229
   11.252354     -16.156217
   12.705114     -26.101475
   11.260033      -3.042325
   13.125735     -13.516733
   13.139866     -32.472593
   14.689376     -15.072525
   12.704458      -5.130067
   12.432682     -34.195389
    9.259126     -13.207150
   12.532616      11.556973
   11.822651       5.093795
   10.970200     -28.634166
   12.990374     -22.784717
   11.359526     -22.712663
   10.949100     -14.792706
   12.798931     -20.635211
   11.696157      -8.039486
   14.740119     -44.506691
   12.911598      -6.373778
   10.922816     -31.917953
   12.424184     -28.993870
   12.508716     -24.875875
   13.085216     -35.838269
   13.798400     -13.908083
   14.009750      -8.914079
   12.920307     -26.612482
   12.435091      -1.103111
   12.532389     -26.557723
   11.641722      14.597792
   12.627846     -38.302512
   11.017065     -14.962314
   13.057132     -31.648481
   14.017582       2.894309
   13.178626     -16.679970
   13.131131       3.134713
   13.204253     -34.747943
   13.214436       2.101474
   11.671829     -22.470329
   13.146320     -11.134545
   12.832474     -19.031156
   11.133709     -13.559194
   13.125827      -2.035606
   12.447137      23.265522
   12.522453      -8.692477
   13.279630     -35.003453
   13.176475      -5.750957
   13.196724     -16.478814
   12.898153     -20.206376
   11.049272     -22.088211
   10.660646      -9.329529
   13.069506     -15.661614
   13.206740     -18.923274
   13.146322     -34.539043
   12.946837     -23.693862
   12.437431     -35.536611
   13.059601      18.382765
   11.534754     -28.128022
   11.910504      -0.933281
   12.986795     -17.642214
   12.675232     -34.219094
   12.689002     -15.795969
   12.506229      19.709890
   12.749151     -35.540220
   11.060304       0.500690
   13.135050     -16.369854
   13.072978     -20.026428
   12.065273     -29.704063
   13.106398     -35.173783
   12.597665     -14.382017
   12.354932     -59.586319
   11.375764      -4.731855
   12.198324     -14.596893
   12.593579     -17.383437
   12.593114     -25.238138
   11.795879     -38.864704
   12.556380     -39.340701
   12.814102      -9.078307
   12.561307     -18.519097
   11.949588       3.684552
   11.977903      -4.379595
   12.153350     -12.902177
   12.084862     -14.425384
   13.077738      16.378073
   12.650670     -12.696316
   13.081981     -29.809672
   13.041650     -29.351653
   11.926643     -42.102699
   12.686571     -27.179641
    9.736931      18.495374
   12.906891     -41.264295
   12.003012      20.880256
   13.676274     -36.888773
   12.835118     -12.677363
   12.998913     -11.609569
   12.885809     -29.084639
   12.539426     -23.019509
   10.963564     -19.489175
   12.092787     -20.738724
   13.784143     -18.092058
   12.537349     -60.890949
   12.800935     -10.562123
   12.980124       8.148748
   12.948294     -34.133572
   12.974299     -29.620942
   12.998623       5.598550
   12.807371      -3.026697
   10.726422     -12.367230
    9.030979       2.008040
   12.886533     -19.677317
   11.595840     -38.788347
   10.832951     -41.937363
   12.255641     -41.086994
   12.966000     -37.871856
   12.307166      10.436440
   12.121252     -25.486999
   12.706950      15.762767
   12.958809     -15.224933
   12.205583     -11.180996
   12.422477      13.820633
   12.396294       5.011723
   12.895056     -25.873315
   12.531688     -25.501023
   12.804794      -8.317667
   12.250605      37.691472
   12.791105     -55.797291
   12.610130     -10.227953
   11.257029     -33.335420
   10.514277      -0.689820
   10.141868     -21.610085
    8.963996      18.074648
   12.772114     -19.046432
   12.158074     -19.630087
   12.101152      -2.902574
   11.887482     -42.102705
   11.227905     -28.907725
   12.335354     -21.623256
   12.869877     -23.626653
    9.859199     -43.177896
   12.856104      -1.709738
   12.441339      -1.905286
   12.533449      -2.515633
   12.113880       0.778846
   10.747275      18.698933
   12.736674      23.652168
   11.893725     -14.496110
   12.784842     -16.187839
    9.938694     -10.082230
   12.495802     -18.528778
   12.089660     -31.064595
   11.928922     -28.104066
   12.442434     -27.319381
   12.746594     -21.336691
   12.136022     -23.091019
    9.382559     -49.299784
   12.719645      -8.482654
   11.844284      -9.132345
   11.869847     -30.712334
    9.354005     -34.594794
    5.589155     -52.978012
   12.683339      16.750011
   12.643678     -15.932365
   12.680124     -49.499771
   12.665796     -15.038206
   12.716488     -40.403431
   12.469289     -15.104774
   12.563332     -24.827152
   12.260806     -21.116479
   13.002340     -35.225434
   11.878302       8.535550
   12.640030       9.648305
   12.264890     -26.068375
   12.560197      -4.555829
   12.231421     -30.518210
   12.586523     -12.663856
   10.554890      -6.299853
   12.398038      -6.719398
   11.573783     -18.939810
   12.153546     -10.986942
   12.509611     -18.160059
   10.265998       1.513412
   12.361453      -2.974537
   11.973876     -12.438194
   12.579387     -18.825746
   10.253002     -22.577747
   12.525185       1.791701
   11.548905      -5.030083
   12.565824     -18.740603
   11.893290     -65.913427
   12.323417     -25.586168
   12.195340     -19.752881
   12.544804      -5.334427
   12.181142     -24.630397
   12.164212      -7.701831
   10.556602     -11.448032
   11.055765     -47.833581
   12.495816     -24.242339
   10.632741     -47.742348
   12.492031      -1.409501
   12.143791     -27.757199
   11.827860     -28.079560
   12.055142     -30.530832
   11.830387     -35.832380
   12.053275      17.197894
   12.439699     -14.992926
   11.763160      -8.364622
   12.110011     -30.994937
   12.166742     -24.010983
   12.382970     -23.475936
   12.281913      -6.437875
   11.742840       3.538226
   11.376772     -29.264479
   10.748719     -17.118505
   11.443213     -28.026934
   11.646680     -48.799871
   12.386707      -7.746500
   12.117356     -22.157243
   10.792490     -13.948463
   12.368451     -20.601612
   12.268418     -15.651421
   12.230357     -18.007904
   12.062371      13.339264
   11.890638     -37.858909
   12.121259     -33.182220
   10.162782     -24.306790
   12.320060     -20.339943
   10.346623      -7.735666
   11.904863     -14.840817
   12.016964     -11.242541
   11.974543     -31.217094
    7.523807     -19.567953
   11.998963      -9.496184
   12.150660     -21.219985
   10.749417     -28.402364
   12.038669     -21.176006
   10.194567     -29.664008
   11.729222     -16.924112
   12.061205      -1.671536
   11.974990      -4.042074
    8.528683      -9.246346
   11.936780     -14.767691
   12.004966      -4.778471
   10.899687     -37.908277
   11.267466     -16.820194
    9.438090       6.590651
   10.754486     -38.278304
   10.270294     -29.446694
   11.777531       2.444194
   11.964267     -39.998519
   11.760441      -7.517375
    9.961239     -12.850839
   11.924059     -53.734664
   11.178504     -36.797492
   11.905498     -38.484139
   11.680973     -36.808389
   11.169265     -25.564062
   11.395150     -12.907613
   11.176290     -32.075065
   11.644527     -12.972196
   11.846521     -35.400525
   11.421556     -13.918362
   11.598852     -23.150623
   11.775369     -45.137270
   11.826404     -12.176973
   11.751354      14.562116
    9.894388     -31.666979
   11.661128       8.106271
   12.041340     -37.146170
   10.942308     -39.434111
   11.548493      -1.035792
   11.750297     -26.799337
   11.611689     -33.285743
   11.385337     -36.002626
   11.665223     -20.846194
   11.260249      -3.531257
   11.651183     -33.214303
   11.652959     -13.422095
   11.357882     -13.727345
   11.670376     -14.978176
   11.301737     -16.909399
   11.616085     -52.739109
   11.064547     -25.407141
   11.559376     -21.898466
   11.566561     -12.905964
   10.839737     -34.998915
   11.372540     -19.998868
    9.567086     -25.747951
   11.499018     -26.734418
   11.173675     -22.393066
    7.716257     -13.032735
   11.084176      -3.009527
    9.224066     -14.846995
   11.497699     -32.734820
    8.166022     -31.026119
   11.319149     -23.385470
   11.395418     -22.559848
   11.360472     -40.590124
   11.331930     -12.652125
   11.191260      10.684484
   10.961085       2.541401
    8.804867     -27.463263
   11.304042       4.631979
   11.003622      20.810598
   11.304870     -23.495772
   10.881977       0.057419
   11.345343       2.991156
   10.504853     -20.127912
   11.277957     -48.679793
   10.944827     -45.200417
   10.932601     -23.185182
    9.555794      16.666198
   10.889080     -30.955251
   10.815774     -44.138667
   10.676672     -25.359656
    7.869994      -4.849118
   11.156222     -12.773798
    8.120232     -31.870832
    9.598491      -3.540738
   10.898008       2.948506
   10.913544     -33.743851
   10.845942     -24.013785
   11.054860     -17.835046
   11.087290     -14.102862
   10.587377       3.849116
   10.897561     -14.490588
   10.739831     -19.223990
    9.827578      10.063820
   10.314687     -10.740845
   10.646201       8.556117
   10.896275     -14.018359
    7.598683     -38.114058
    8.298336      -2.831730
    8.581611     -30.665427
   10.793787     -35.837446
   10.496408     -20.585655
   10.057751     -19.467455
    8.645154     -44.056002
   10.499254       7.843990
    6.781246      -0.680535
   10.818034     -27.360068
    9.449802     -21.127018
    9.253325     -35.555296
   10.760245      -6.795585
   10.795550      29.845833
    8.705347     -14.360871
   10.434692     -16.734810
   10.495712      -6.474877
    9.314150     -10.125341
    9.483849     -20.595968
   10.509108     -29.784959
   10.503037     -38.088356
   10.590366     -29.063231
   10.547600     -10.906896
   10.571254     -29.507080
   10.614927     -47.351819
   10.724673      -7.476015
   10.618244      -5.802586
   10.118927      -9.768967
   10.703097     -38.661587
   10.391117     -29.846582
   10.708460     -25.958727
    9.692988      -8.797662
    9.995607     -19.049447
   10.374310     -12.590519
    7.818576       6.801653
   10.582658     -55.517380
   10.260475       0.496681
    9.856929      -4.639203
   10.559716     -33.200101
   10.435824     -35.377515
   10.351000     -23.737747
   10.540792      -2.895286
   10.224271       0.431390
    9.059825     -20.648431
    8.761360      -3.635519
    8.665477     -42.832020
    9.808249       2.615888
   10.187621       3.559770
   10.136115     -31.828567
    9.998591      -9.104653
   10.320058      15.847532
   10.226475      22.637047
   10.140568     -20.077950
   10.394494     -24.986512
   10.050391     -40.119385
   10.206772     -15.511744
   10.198922     -23.374143
    9.883908      -1.239846
    9.253992     -38.397154
   10.498683     -19.073371
    9.829806     -27.429080
   10.330777     -20.965535
   10.488576     -30.637750
    8.660931      -9.710368
   10.084371     -36.269623
    9.654825     -25.978361
    9.857221     -32.134508
    8.089388     -46.781801
   10.455662     -14.838715
   10.448206       3.339836
   10.153531     -15.543362
   10.071272       1.794826
    9.581589       0.202333
   10.442565     -22.233588
    8.969507      -6.202272
    9.653612     -13.362440
   10.417357     -30.146132
    9.246040     -39.593418
   10.391995     -39.011134
    8.333960     -35.248583
   10.416951       0.065701
   10.130121      -6.562899
    9.323196      -3.617253
   10.059837      21.066090
   10.154474     -14.092072
    9.592354     -20.968929
    8.504903      -5.050300
   10.318053       7.340818
    9.693148     -13.765091
   10.203620     -14.687215
   10.256614     -41.122666
   10.004859     -19.750760
    9.629160     -43.604721
    8.804923     -25.842219
    6.723109     -45.131361
    9.095682       0.828609
    9.898218     -30.110833
   10.264630     -38.511702
    9.582393      -2.238166
   10.045392     -21.324726
   10.239774     -15.792638
    9.908377     -12.277951
    9.788990     -41.873981
   10.201618     -35.632831
    9.996259      -7.615943
   10.191824     -18.799319
   10.211748     -10.889536
    9.510766      12.469449
   10.110948       6.979271
   10.127731      -8.603862
   10.063832       3.238808
   10.171115     -24.402205
   10.058682     -55.576640
    7.562117     -44.438585
    9.776814      -1.638565
   10.122596     -27.545573
   10.030733     -31.646436
   10.077781     -12.515523
    9.871464     -37.778920
    9.379786     -20.112432
   10.007748     -25.665751
    9.561079     -17.987631
    9.911710     -14.033741
    9.718416     -20.229640
    9.680085     -10.169555
    8.946953     -10.532141
    9.834756     -31.502126
    9.328584      -6.654475
    9.660545      -9.005481
    9.556487     -12.653264
    9.462890     -36.482789
    9.926524     -19.251144
    9.764178     -10.006603
    8.896323      -2.228038
    9.763352     -38.817534
    8.487793     -10.312773
    9.776704     -23.918095
    9.792384      -4.550247
    8.203480     -42.157891
    9.430020     -12.128889
    9.725937     -27.171188
    9.876947      21.159775
    8.873750     -10.560765
    9.394276     -33.469668
    9.320022     -26.223389
    8.911370     -24.573580
    9.875276     -40.006672
    9.202124     -19.937953
    9.783228      -0.358517
    8.338350      11.990769
    5.435196     -15.513661
    8.807253       0.495281
    9.377742     -23.185259
    9.758870     -15.290081
    9.478122      -6.609185
    9.269688      -7.399292
    7.942319     -11.590483
    9.664507     -19.096915
    8.291709      -6.086148
    9.717186      -8.243034
    9.293947     -29.403710
    9.790679       3.276135
    9.771282      -5.047646
    9.413378     -16.535937
    9.169833     -22.858265
    8.804025     -28.578213
    9.730673     -17.123340
    9.659742     -10.578923
    9.402678      -9.547643
    7.545891     -18.052549
    9.384669     -10.970789
    8.911021     -21.374880
    9.558018     -39.154969
    9.469609     -31.816313
    8.712587     -44.469843
    9.569361     -11.692525
    9.624404     -16.743582
    9.598062       2.943073
    9.569210     -37.785114
    9.150736     -26.981251
    8.643903      -1.580776
    9.458152     -38.538848
    8.542170      15.922510
    9.431876     -23.397362
    9.470795      -1.565464
    9.385510     -21.057809
    9.195839     -24.855902
    8.876722     -14.688995
    7.290937     -36.976714
    9.381592     -18.919387
    9.238663     -18.689816
    9.361985     -29.242545
    9.157955      -8.635974
    7.698545     -29.163296
    9.125669     -12.840276
    9.030380      -2.292109
    8.492460      -9.881854
    8.368106     -31.848846
    8.576115     -18.805294
    9.049375      12.472918
    9.192491     -11.369500
    7.749735     -10.116685
    9.077763     -17.645602
    8.856466      -2.618125
    9.045049     -23.719902
    8.548548      -1.307048
    8.823219     -14.792733
    8.838091      -9.049155
    8.716932     -23.788005
    8.422804     -11.554245
    7.667114     -31.420062
    8.240180     -35.395040
    8.602726     -37.690298
    8.352516       9.753868
    8.020818     -37.478484
    8.495290      -9.821702
    7.854075      -4.982309
    8.326849     -25.348731
    7.742830     -24.945747
    8.292449      -7.067567
    7.988901      -7.463198
    7.528239      -6.433310
    8.149504       6.109746
    7.688640       3.343967
    7.830451     -20.560950
    7.808260     -57.142108
    7.868747      -3.855464
    8.043234     -19.132629
    7.843946     -19.246328
    7.876418     -35.833669
    7.845559     -32.895860
    7.415103      -0.609175
    7.657368     -19.305438
    7.748481      -6.902163
    7.366417     -27.082630
    6.983844     -13.167695
    7.308781     -17.938567
    6.312950     -14.821272
